265 154
0 12 3 82 2 3 3 14 3 11 2 1 2 14 1 5 3 14 6 1 3 80
0 13 2 81 3 2 4 11 38 4 31 6 2 68
0 14 2 71 1 6 4 2 2 1 2 4 86 70
0 14 3 71 2 5 7 1 92 70
0 15 3 70 4 5 4 2 97 65
0 16 3 53 20 5 105 63
0 15 1 2 2 40 32 6 109 58
0 15 1 2 3 35 35 7 112 55
0 15 2 2 1 21 2 11 38 5 118 50
0 16 1 17 1 6 5 6 40 4 123 46
0 20 1 2 1 2 1 2 1 3 1 1 2 3 52 3 129 41
0 14 5 1 4 1 3 1 2 1 6 2 187 38
0 15 8 2 3 4 6 3 187 37
0 16 7 3 1 5 5 3 190 35
0 18 6 7 7 1 193 33
0 18 7 2 2 2 7 1 194 32
0 18 11 4 5 2 194 31
0 19 6 2 2 7 2 2 196 29
0 21 4 11 2 2 4 1 193 27
0 23 2 11 2 2 4 1 193 27
0 23 3 10 2 2 200 25
0 20 1 2 4 5 2 1 3 1 12 2 187 25
0 19 2 2 4 3 4 1 2 2 7 2 2 2 189 24
0 19 3 2 3 2 5 1 2 3 3 1 1 3 1 3 187 1 1 24
0 20 6 3 5 1 2 3 2 9 188 1 4 21
0 20 6 4 3 3 1 14 188 1 1 1 2 21
0 20 6 3 1 10 1 5 2 3 194 20
0 21 1 1 4 1 2 16 1 1 69 1 1 1 120 1 3 21
0 21 9 9 1 9 68 2 48 1 72 1 3 21
0 21 9 18 192 1 2 22
0 24 5 7 2 2 1 2 2 2 3 1 191 23
0 24 4 3 1 3 3 5 1 4 2 1 191 23
0 26 1 3 2 2 5 3 1 3 1 1 1 2 192 2 1 19
0 22 1 11 5 1 4 1 2 1 195 1 3 18
0 22 6 5 4 5 206 17
0 23 1 2 2 5 4 3 208 17
0 23 1 2 2 5 215 17
0 23 2 1 2 4 3 2 211 17
0 23 2 2 1 3 3 4 212 15
0 23 5 3 3 3 213 15
0 24 3 4 4 1 213 16
0 24 3 4 4 1 203 1 9 16
0 25 1 4 2 3 205 1 6 18
0 25 1 3 3 3 212 18
0 28 219 18
0 16 1 8 1 1 220 18
0 24 5 1 13 1 196 2 5 18
0 23 5 2 13 3 47 1 9 1 136 3 5 17
0 22 5 3 43 1 19 3 4 1 1 2 4 1 131 2 6 3 1 13
0 22 5 3 6 1 35 1 20 4 2 5 3 4 137 3 2 12
0 20 6 3 13 1 51 3 2 6 1 5 137 1 3 13
0 21 5 3 63 5 2 5 2 5 137 1 1 15
0 20 5 3 57 2 1 9 2 5 2 6 138 15
0 19 5 4 28 2 22 24 1 7 137 16
0 18 6 3 30 2 12 6 3 2 1 21 1 7 5 4 128 16
0 18 5 4 1 3 35 2 1 13 1 21 1 6 6 8 124 16
0 17 5 8 31 43 2 6 5 12 120 16
0 17 4 9 26 1 3 23 2 10 1 9 1 6 5 15 117 4 1 11
0 17 4 8 20 2 2 1 4 54 5 17 114 5 2 10
0 11 3 2 4 9 2 1 17 2 5 1 2 15 2 38 2 21 112 4 2 10
0 10 3 2 4 11 19 2 2 1 3 7 2 9 1 64 110 15
0 9 3 3 4 11 17 4 6 6 4 51 1 23 108 15
0 8 4 2 5 10 17 4 5 65 1 23 102 2 2 6 1 8
0 6 5 3 4 11 16 5 4 8 1 9 4 71 99 2 3 14
0 4 7 3 4 11 16 4 4 27 1 41 6 24 94 2 3 14
0 3 8 2 5 11 16 5 2 5 2 21 1 43 3 27 92 2 2 15
0 1 1 2 6 2 5 13 15 4 2 55 2 19 1 30 89 2 2 14
2 3 5 2 5 13 16 3 1 29 1 80 86 3 2 14
1 4 5 1 5 14 16 2 2 114 82 3 2 14
0 4 6 1 5 13 17 2 1 25 2 22 1 66 81 3 2 14
0 4 5 3 4 13 18 1 1 116 82 2 2 14
0 4 5 2 5 14 18 1 2 93 4 18 4 3 74 2 2 14
0 3 3 1 1 4 2 16 17 2 1 96 3 18 2 4 32 2 40 3 2 13
0 3 5 3 1 14 1 4 19 30 3 64 2 17 2 4 33 2 40 1 1 2 1 13
0 2 2 1 1 4 1 22 14 2 1 32 2 17 1 44 3 15 2 5 34 2 39 1 2 16
0 3 1 31 12 41 1 56 4 18 1 3 34 2 1 1 38 18
0 35 12 28 2 10 2 55 4 23 34 5 1 2 39 13
0 8 1 28 10 1 1 11 1 14 3 91 17 2 17 5 42 13
0 7 2 28 10 9 5 16 1 92 3 5 26 6 39 1 2 13
0 7 1 30 9 11 2 32 4 4 1 83 19 7 39 1 3 12
0 6 2 30 9 28 1 13 5 97 11 10 6 2 8 1 3 1 16 2 2 12
0 6 1 32 8 146 9 8 7 4 7 2 2 1 16 2 3 11
0 5 2 32 8 30 1 118 6 9 16 3 2 2 15 16
0 5 2 34 7 29 1 6 1 112 5 9 7 2 7 4 1 2 15 16
0 4 3 34 7 36 1 4 1 109 2 10 5 6 5 8 15 15
0 4 2 35 8 26 1 8 1 4 1 121 3 8 5 2 1 5 16 14
0 4 2 36 8 25 2 12 1 122 1 9 8 5 17 13
0 4 2 33 1 2 8 25 2 12 1 132 7 6 17 13
0 4 2 33 2 1 9 24 3 11 2 131 7 6 17 13
0 4 2 33 2 2 8 25 2 15 1 128 6 7 17 13
0 3 3 33 3 1 8 25 2 134 1 8 1 3 3 7 18 12
0 3 3 33 3 1 9 25 2 146 3 4 1 3 17 12
0 3 3 33 13 5 2 12 4 2 2 146 3 4 1 4 9 2 6 1 1 6 1 2
0 3 3 34 12 19 2 4 2 14 1 70 1 61 1 10 17 1 1 6 1 2
0 3 3 35 12 1 1 22 3 1 2 6 1 3 1 70 2 60 1 10 17 1 1 9
0 3 4 33 17 19 7 6 1 74 3 59 1 10 17 1 1 9
0 3 4 32 23 3 4 8 6 6 2 73 3 58 2 11 16 1 1 9
0 3 4 32 17 5 7 1 1 8 2 10 2 72 3 59 1 11 2 1 13 1 1 9
0 3 4 35 13 8 4 11 3 9 1 1 2 70 4 70 14 2 3 8
0 3 5 34 6 4 2 9 3 12 3 84 4 70 13 2 3 8
0 3 5 27 2 3 4 11 1 7 3 12 3 1 1 2 2 4 3 72 4 69 13 3 2 8
0 3 5 25 6 1 2 14 1 6 4 11 3 1 1 3 1 5 2 73 4 1 2 65 1 1 11 3 2 8
0 3 6 30 3 15 1 5 4 11 3 1 2 2 1 2 1 78 5 2 1 66 10 4 1 8
0 3 6 29 3 17 2 3 4 11 6 2 1 2 2 78 8 65 10 4 1 8
0 4 5 28 3 19 2 1 5 10 7 2 1 3 2 77 11 63 9 4 1 8
0 4 6 11 1 15 1 23 6 10 7 2 1 5 1 69 1 7 10 41 3 19 9 4 3 6
0 4 6 13 2 12 1 24 5 9 5 5 2 82 9 36 1 26 3 1 4 1 2 3 2 7
0 4 7 18 6 28 5 10 2 93 6 64 7 1 2 3 2 7
0 4 7 19 7 27 4 2 3 15 1 64 2 18 7 36 2 24 8 1 2 12
0 4 8 21 4 44 1 6 1 63 3 22 2 37 10 17 1 2 4 1 2 3 1 8
0 4 9 21 3 44 4 75 1 55 12 18 4 2 1 3 1 8
0 4 9 22 2 2 1 3 1 5 1 110 1 55 2 1 10 18 2 3 1 12
0 4 10 21 2 2 2 2 2 4 1 165 3 2 17 10 2 3 1 12
0 4 11 19 3 1 3 2 2 108 1 61 3 2 18 8 3 2 2 12
0 5 11 12 5 1 4 1 1 112 1 1 1 59 4 4 17 6 1 1 1 5 1 11
0 5 12 14 4 115 5 60 3 4 10 1 8 4 1 1 2 3 1 12
0 4 14 15 2 116 4 57 6 5 9 1 8 6 2 2 2 12
0 4 16 13 2 118 2 57 6 5 9 1 9 5 2 2 1 13
0 4 17 10 1 1 3 120 1 55 2 1 3 5 9 1 9 5 4 14
0 5 19 7 1 3 2 172 3 3 2 6 8 2 9 5 1 17
0 9 14 12 3 105 4 62 3 4 1 7 7 1 10 23
0 10 4 2 6 15 3 106 4 12 1 8 2 36 3 12 18 2 2 2 1 16
0 37 5 109 1 55 1 16 1 7 11 3 2 17
0 35 8 181 1 12 10 18
0 34 11 178 2 13 9 18
0 42 5 81 1 94 2 15 6 19
0 43 7 18 3 50 1 6 1 28 1 64 2 18 5 18
0 44 11 9 6 25 1 62 1 81 1 2 4 18
0 46 23 26 1 63 1 81 6 18
0 1 7 41 19 92 2 79 6 18
0 55 12 93 4 77 2 22
0 162 3 100
0 84 1 10 1 67 4 98
0 84 1 80 3 97
0 84 1 81 4 68 2 25
0 167 6 31 1 60
0 169 6 25 5 28 2 30
0 172 8 16 8 29 4 28
0 64 1 109 12 6 8 65
0 177 21 67
0 180 11 74
0 70 1 113 1 80
0 62 2 6 1 158 1 35
0 62 2 201
0 62 4 3 1 195
0 62 4 199
0 60 1 1 3 5 1 194
0 60 1 1 3 4 3 153 1 39
0 60 2 1 3 2 4 152 2 1 2 36
0 60 7 1 5 150 2 2 2 36
0 60 12 151 1 2 2 37
0 59 10 139 1 16 1 39
0 58 10 153 1 2 2 39
0 59 7 150 2 1 3 2 2 39